%YAML:1.0
###########################################################
## Imu parameters

use_imu: true
Imu.num: 2
Imu.fps: 500
# noise
Imu.gyro_noise: 2.44346e-04         # [ rad / s / sqrt(Hz) ]   ( gyro "white noise" )
Imu.gyro_bias_noise: 1.9393e-05     # [ rad / s^2 / sqrt(Hz) ] ( gyro bias diffusion )
Imu.acc_noise: 1.4715e-3            # [ m / s^2 / sqrt(Hz) ]   ( accel "white noise" )
Imu.acc_bias_noise: 3.0000e-3  # [ m / s^3 / sqrt(Hz) ].  ( accel bias diffusion )

###########################################################
## Controller Parameters
imu0:
  name: "Right"
  led_num: 14
  leds_pos:
    [-0.0190,  0.0320, 0.0091,
     -0.0316,  0.0121, 0.0124,
     -0.0377,  0.0186, 0.0300,
     -0.0387, -0.0002, 0.0312,
     -0.0361,  0.0022, 0.0553,
     -0.0277, -0.0169, 0.0571,
     -0.0084, -0.0119, 0.0770,
      0.0166, -0.0246, 0.0689,
      0.0350, -0.0074, 0.0701,
      0.0451, -0.0126, 0.0504,
      0.0504,  0.0066, 0.0484,
      0.0490,  0.0052, 0.0230,
      0.0413,  0.0271, 0.0168,
      0.0298,  0.0185, 0.0023]
  leds_normal:
    [-0.2910,  0.2784, -0.3446,
     -0.4241,  0.0107, -0.3176,
     -0.4975,  0.1719, -0.0625,
     -0.5037, -0.1277, -0.1041,
     -0.4792, -0.0151,  0.2258,
     -0.3800, -0.3176,  0.1888,
     -0.1628, -0.1753,  0.4729,
      0.1211, -0.4036,  0.3214,
      0.3314, -0.1245,  0.3945,
      0.4432, -0.2681,  0.1124,
      0.5078,  0.0359,  0.1472,
      0.4874, -0.0675, -0.1970,
      0.4035,  0.2696, -0.2132,
      0.3161,  0.0774, -0.4201]
      
imu1:
  name: "Left"
  led_num: 14
  leds_pos:
    [-0.0184,  0.0188, 0.0027,
     -0.0295,  0.0271, 0.0168,
     -0.0372,  0.0052, 0.0230,
     -0.0386,  0.0066, 0.0484,
     -0.0333, -0.0126, 0.0504,
     -0.0232, -0.0074, 0.0701,
     -0.0048, -0.0246, 0.0689,
      0.0202, -0.0119, 0.0770,
      0.0395, -0.0169, 0.0571,
      0.0479,  0.0022, 0.0553,
      0.0505, -0.0002, 0.0312,
      0.0495,  0.0186, 0.0300,
      0.0434,  0.0121, 0.0124,
      0.0308,  0.0316, 0.0088]
  leds_normal:
    [-0.3156,  0.0772, -0.4194,
     -0.4035,  0.2696, -0.2132,
     -0.4874, -0.0675, -0.1970,
     -0.5079,  0.0359,  0.1472,
     -0.4432, -0.2681,  0.1124,
     -0.3314, -0.1245,  0.3945,
     -0.1211, -0.4036,  0.3214,
      0.1628, -0.1753,  0.4730,
      0.3800, -0.3176,  0.1887,
      0.4793, -0.0150,  0.2258,
      0.5037, -0.1277, -0.1041,
      0.4966,  0.1716, -0.0624,
      0.4241,  0.0108, -0.3176,
      0.2910,  0.2785, -0.3445]

###########################################################
## Msckf Parameters

msckf_retrofit:

  fixed_frame_id: "world"
  child_frame_id: "odom"
  publish_tf: 1
  frame_rate: 30
  position_std_threshold: 8.0
  #rotation_threshold: 0.2618
  #translation_threshold: 0.4
  #tracking_rate_threshold: 0.5
  rotation_threshold: 0.17
  translation_threshold: 0.1
  tracking_rate_threshold: 0.4
  feature:
    config:
      translation_threshold: -1
  noise:
    gyro: 2.44346e-04 # 0.005
    acc: 1.4715e-3 # 0.25
    gyro_bias: 1.9393e-05 # 0.001
    acc_bias: 3.0000e-3 # 0.01
    feature: 1.0 #0.005
    relo_r: 0.03
    relo_t: 1.0e-3

  initial_state:
    velocity:
      x: 0.0
      y: 0.0
      z: 0.0

  initial_covariance:
    rotation: 1.0e-6 #0
    rotation_bad: 1.0 #1.0e-2
    position: 1.0e-8 #0
    position_bad: 1.0 #1.0e-1
    velocity: 1.0e-3 #0.25
    velocity_bad: 1.0
    gyro_bias: 1.9393e-04 #0.01 已取消
    acc_bias: 3.0000e-2 #0.01   已取消
    extrinsic_rotation_cov: 1.0e-14 #1.0e-12 #0.000000462
    extrinsic_translation_cov: 1.0e-16 #1.0e-15 #0.000000025

  max_cam_state_size: 15
