%YAML:1.0
###########################################################
## Imu parameters

use_imu: true
Imu.num: 2
Imu.fps: 833
# noise
Imu.gyro_noise: 2.44346e-04         # [ rad / s / sqrt(Hz) ]   ( gyro "white noise" )
Imu.gyro_bias_noise: 1.9393e-05     # [ rad / s^2 / sqrt(Hz) ] ( gyro bias diffusion )
Imu.acc_noise: 1.4715e-3            # [ m / s^2 / sqrt(Hz) ]   ( accel "white noise" )
Imu.acc_bias_noise: 3.0000e-3  # [ m / s^3 / sqrt(Hz) ].  ( accel bias diffusion )

###########################################################
## Controller Parameters
imu0:
  name: "Right"
  led_num: 14
  leds_pos:
    [-0.0187,  0.0626, 0.0243,
     -0.0312,  0.0422, 0.0245,
     -0.0374,  0.0465, 0.0437,
     -0.0383,  0.0270, 0.0411,
     -0.0358,  0.0261, 0.0661,
     -0.0273,  0.0061, 0.0640,
     -0.0079,  0.0087, 0.0852,
      0.0172, -0.0033, 0.0744,
      0.0356,  0.0142, 0.0792,
      0.0457,  0.0116, 0.0581,
      0.0511,  0.0317, 0.0600,
      0.0496,  0.0336, 0.0339,
      0.0419,  0.0572, 0.0320,
      0.0311,  0.0510, 0.0148]
  leds_normal:
    [-0.5490,  0.6243, -0.5557,
     -0.8003,  0.1177, -0.5879,
     -0.9386,  0.3391, -0.0635,
     -0.9505, -0.2057, -0.2331,
     -0.9043, -0.0975,  0.4156,
     -0.7171, -0.6492,  0.2537,
     -0.3072, -0.4718,  0.8265,
      0.2285, -0.8502,  0.4742,
      0.6252, -0.3530,  0.6961,
      0.8362, -0.5336,  0.1268,
      0.9583,  0.0215,  0.2851,
      0.9196, -0.0650, -0.3875,
      0.7613,  0.5673, -0.3140,
      0.5258,  0.3053, -0.7939]
      
imu1:
  name: "Left"
  led_num: 14
  leds_pos:
    [-0.0183,  0.0510, 0.0148,
     -0.0291,  0.0572, 0.0320,
     -0.0368,  0.0336, 0.0339,
     -0.0383,  0.0317, 0.0600,
     -0.0329,  0.0116, 0.0581,
     -0.0228,  0.0142, 0.0792,
     -0.0043, -0.0033, 0.0744,
      0.0207,  0.0087, 0.0852,
      0.0401,  0.0061, 0.0640,
      0.0486,  0.0261, 0.0661,
      0.0511,  0.0270, 0.0411,
      0.0502,  0.0465, 0.0437,
      0.0440,  0.0422, 0.0245,
      0.0315,  0.0626, 0.0243]
  leds_normal:
    [-0.5258,  0.3053, -0.7939,
     -0.7613,  0.5674, -0.3140,
     -0.9196, -0.0650, -0.3875,
     -0.9583,  0.0215,  0.2851,
     -0.8362, -0.5336,  0.1268,
     -0.6252, -0.3530,  0.6961,
     -0.2286, -0.8502,  0.4743,
      0.3072, -0.4718,  0.8265,
      0.7170, -0.6492,  0.2537,
      0.9043, -0.0975,  0.4156,
      0.9505, -0.2057, -0.2331,
      0.9386,  0.3392, -0.0635,
      0.8003,  0.1176, -0.5880,
      0.5490,  0.6243, -0.5557]
     
